93 96 97 97 97 96 102 101 102 100 103 103 97 97 101 99 97 101 100 99 100 100 99 97 94 95 93 93 89 89 95 92 97 97 94 94 94 89 91 92 91 91 88 91 83 81 91 87 80 77 83 84 73 73 81 80 73 81
86 77 77 76 65 52 75 81 65 58 84 79 42 43 81 80 56 69 81 55 70 88 60 58 77 52 54 65 27 36 67 43 63 76 44 65 77 46 65 77 48 51 78 54 25 51 75 72 38 50 71 71 42 26 48 65 70 79
83 73 69 60 48 29 52 71 60 36 65 75 42 25 68 75 47 52 71 47 52 75 56 44 71 48 47 65 32 36 64 38 58 70 46 64 62 39 56 64 44 52 68 48 32 59 71 65 44 52 62 68 43 40 48 65 72 79
78 55 60 64 70 68 71 76 79 73 73 81 78 76 73 69 76 65 73 79 77 80 80 80 75 71 67 68 51 51 55 51 72 83 85 85 81 80 76 81 71 54 73 73 83 81 81 80 76 75 76 73 73 64 65 52 48 77
78 34 39 75 73 76 81 85 88 89 89 87 87 88 60 46 79 32 69 88 84 88 86 87 88 55 32 31 32 32 15 18 65 84 89 89 89 89 88 89 73 24 68 84 88 85 91 91 86 84 84 77 67 67 62 29 50 81
81 59 44 78 77 78 81 87 92 93 93 89 93 95 60 40 81 28 72 86 86 88 89 88 86 52 30 69 79 67 19 50 83 89 89 89 94 92 89 89 73 24 70 85 87 88 89 89 87 86 86 75 71 69 67 52 68 80
80 75 73 78 84 84 81 87 91 89 91 93 95 96 56 36 76 24 60 85 86 88 88 88 91 54 31 81 81 35 32 80 86 88 89 93 93 89 91 89 73 21 65 91 91 88 89 89 89 84 77 79 75 71 63 67 71 75
81 75 78 83 84 86 81 80 84 89 92 93 93 92 55 40 79 26 63 87 87 88 88 85 87 55 28 80 48 21 64 86 89 88 89 89 89 89 89 88 81 23 67 91 91 88 88 87 85 76 78 81 81 75 70 65 70 76
75 54 71 85 87 89 89 86 83 86 93 89 89 88 55 38 81 28 64 89 89 88 88 91 87 64 28 62 20 42 78 77 85 89 89 89 87 88 89 86 83 25 67 86 87 88 87 87 75 77 84 86 85 81 72 50 51 78
77 42 36 81 85 89 92 91 86 78 80 79 80 77 48 32 70 24 56 81 81 83 84 81 80 55 26 32 13 22 27 28 63 81 81 81 81 76 79 75 69 25 52 75 70 64 69 70 73 80 84 89 87 81 70 40 58 78
83 79 68 81 89 89 89 89 88 83 78 69 63 64 60 55 51 47 58 67 67 69 76 73 76 70 58 65 56 51 58 59 72 80 81 79 80 77 78 76 69 67 70 73 70 60 63 73 79 87 86 86 84 81 78 73 76 75
84 78 80 85 89 89 87 87 89 86 81 72 70 71 71 75 73 73 73 77 83 85 84 85 84 81 77 62 38 44 73 79 83 84 87 85 84 83 84 85 85 83 83 85 81 79 76 79 81 87 85 84 81 80 80 73 60 76
77 39 60 80 73 72 58 55 59 64 79 78 80 85 85 87 87 83 89 88 89 89 87 89 87 88 71 36 46 40 44 81 87 87 91 88 86 88 89 89 89 87 89 88 89 89 80 71 48 40 40 47 44 60 73 44 32 81
76 24 29 73 36 38 19 19 17 27 71 83 83 87 86 88 88 86 89 89 89 89 86 89 87 75 38 50 78 81 43 44 78 87 87 88 87 88 89 89 87 86 88 87 86 87 81 72 35 22 27 14 16 59 63 23 36 81
77 65 56 73 36 32 22 58 47 24 73 83 84 84 85 88 87 88 87 89 89 91 89 89 72 42 54 79 84 87 80 46 35 71 86 88 89 88 89 89 87 86 89 88 87 87 86 76 67 71 56 21 48 78 71 64 65 77
80 73 77 81 40 29 21 68 59 27 71 83 83 86 86 88 89 92 88 89 88 89 88 72 36 54 81 83 83 88 87 81 51 35 71 86 86 87 91 89 89 88 89 89 86 86 86 76 79 75 32 36 75 81 70 68 68 79
77 43 55 76 38 28 25 67 60 27 73 83 83 85 87 86 88 89 88 87 91 87 72 36 51 81 84 84 84 86 86 83 81 48 36 72 85 84 89 87 86 88 88 88 86 87 86 79 76 44 29 73 85 81 72 36 44 83
75 65 51 68 32 32 23 62 62 25 65 80 81 86 88 88 89 91 88 86 85 70 38 48 78 81 84 80 83 85 83 85 85 81 54 36 70 85 87 87 86 86 87 89 88 87 85 81 56 20 55 85 79 80 75 64 73 81
83 80 81 80 39 35 22 29 30 21 73 84 85 87 87 89 89 89 89 85 68 39 50 76 83 83 86 65 59 79 86 86 89 84 81 50 38 68 85 86 84 81 83 81 84 87 84 73 30 11 23 27 29 62 77 70 71 83
83 44 52 76 58 51 40 29 29 36 76 85 86 85 87 88 89 85 87 71 32 46 75 83 84 83 69 36 27 40 60 78 84 81 81 77 44 32 60 83 85 83 84 85 83 88 84 80 56 48 44 44 51 71 72 40 46 80
81 59 48 77 83 81 80 77 77 81 80 86 84 86 85 85 87 87 69 40 29 42 75 85 86 76 47 14 4 10 14 38 76 83 81 71 42 32 29 62 85 81 85 86 83 88 84 81 81 81 87 83 85 81 75 63 70 81
79 73 73 83 87 88 86 87 85 85 86 86 85 87 85 85 86 72 36 52 70 43 40 77 80 75 34 3 4 1 3 8 56 80 65 40 48 72 60 36 63 81 86 88 81 84 81 83 81 80 85 86 85 86 79 65 70 84
69 36 38 81 86 87 88 87 87 87 85 87 88 86 87 86 70 36 55 80 81 77 47 40 67 75 29 1 2 2 2 2 36 68 38 48 73 81 83 55 34 63 83 85 84 85 80 80 81 83 85 86 85 83 71 36 44 80
73 67 56 81 85 84 87 84 83 86 85 85 87 86 85 67 35 54 80 81 80 86 79 46 39 63 44 5 2 3 1 3 22 36 47 73 81 87 86 80 58 34 60 85 85 84 81 81 86 83 83 81 81 81 78 72 73 81
73 68 69 81 79 64 67 60 60 71 84 84 88 84 68 39 60 80 87 83 81 84 81 81 48 35 47 14 2 2 1 6 19 46 71 79 85 86 86 79 81 60 34 56 85 84 83 79 60 48 55 47 48 68 73 65 64 81
73 40 35 73 58 17 20 19 19 29 72 83 81 60 36 54 81 84 89 85 84 83 85 79 75 46 24 8 2 1 1 11 36 69 81 81 84 83 87 80 83 80 65 32 56 81 84 76 44 23 21 15 11 54 78 40 40 79
76 60 60 78 54 26 62 63 46 24 71 83 65 35 52 80 84 81 87 85 84 85 83 80 79 70 30 3 1 1 3 25 65 79 81 83 85 83 86 83 83 80 81 64 32 58 81 77 79 70 55 22 27 68 75 69 65 79
72 43 47 78 50 22 73 76 54 24 68 65 36 55 75 81 89 85 86 85 84 85 83 81 76 70 38 2 1 1 2 27 72 78 77 80 79 84 81 83 83 81 79 81 65 35 51 80 83 80 43 10 29 62 73 43 36 73
71 27 22 72 52 12 22 20 17 22 68 50 36 70 81 84 88 86 85 85 86 84 84 81 78 71 43 3 2 2 2 30 71 76 78 79 79 81 85 87 81 83 83 81 72 40 42 77 80 76 47 27 15 43 72 34 27 77
72 56 60 77 62 35 39 36 27 20 69 71 40 47 77 84 87 85 84 84 81 81 83 81 80 73 47 5 2 1 2 31 68 71 78 81 83 79 81 83 81 85 81 73 44 46 67 79 80 78 73 70 36 36 76 69 65 83
73 62 56 76 55 26 42 44 31 20 68 76 71 44 47 75 80 83 84 81 83 81 81 78 75 54 20 2 1 2 1 14 48 70 73 81 81 80 81 83 81 81 79 47 46 72 78 75 56 36 36 35 21 38 72 48 51 78
73 43 36 78 56 26 22 23 23 34 72 77 77 77 44 47 72 83 81 84 83 79 79 78 58 25 4 1 0 1 3 6 24 52 79 79 80 81 81 83 81 78 46 44 72 80 79 77 54 31 27 29 29 55 76 52 43 73
77 71 73 81 80 77 69 73 69 72 81 80 78 81 73 44 43 73 78 81 80 81 78 67 32 15 2 1 1 1 3 9 36 31 54 78 78 80 83 84 79 50 47 75 81 79 81 80 76 73 76 73 75 76 75 72 68 77
76 59 48 73 83 81 84 84 81 81 84 81 80 81 81 80 51 44 71 78 79 78 65 40 38 32 3 2 2 2 1 11 54 52 30 55 73 80 81 72 43 39 73 83 83 81 78 81 80 81 83 79 77 77 73 42 44 77
75 44 40 73 84 84 86 84 81 81 81 81 81 81 81 81 76 44 38 64 72 65 38 47 67 43 2 2 2 1 2 10 59 67 56 30 55 73 71 44 40 71 81 85 80 79 81 77 78 80 81 81 78 75 79 56 52 78
76 71 72 80 81 83 83 83 83 84 83 84 83 80 83 83 81 78 44 36 56 38 48 68 72 39 2 2 2 1 1 9 56 70 76 58 34 46 43 40 72 80 81 78 79 80 77 75 78 80 79 77 77 77 79 68 71 78
73 62 47 71 81 81 79 83 83 84 85 84 84 81 81 81 83 80 73 50 29 36 65 69 55 31 2 2 2 2 1 9 55 70 76 73 54 24 40 72 83 81 81 80 79 81 80 77 79 79 80 78 76 76 77 46 40 72
71 40 38 76 78 52 39 42 40 63 80 80 79 79 78 79 81 81 80 77 52 35 56 40 23 27 2 2 2 2 2 11 60 70 72 67 40 40 73 83 81 81 83 84 81 81 78 76 79 79 77 60 28 48 70 62 47 72
76 73 73 78 69 24 19 24 11 32 69 79 81 83 80 78 81 81 79 79 78 50 25 12 12 15 1 2 2 1 0 11 60 72 70 44 40 69 79 81 83 83 84 84 81 80 78 73 78 76 75 28 8 40 67 70 69 75
76 64 51 65 68 22 40 56 20 32 72 79 81 81 80 77 78 83 78 81 75 58 16 4 2 2 1 3 2 1 2 12 58 65 42 42 70 86 81 83 83 81 81 83 80 81 79 72 76 73 47 17 14 48 73 48 46 67
72 42 36 71 56 11 16 21 10 26 72 77 79 81 81 83 81 83 83 80 75 48 10 8 2 5 5 2 0 1 2 13 48 40 42 68 78 79 80 81 79 80 81 81 79 83 78 75 75 63 20 40 25 52 73 54 40 67
73 69 68 77 50 18 46 54 38 20 68 76 77 78 78 81 81 81 81 78 76 65 32 21 5 3 5 2 2 1 2 9 27 38 64 72 79 77 79 80 81 83 81 79 81 80 80 77 67 32 28 59 24 51 76 68 70 75
71 73 70 73 52 22 60 70 54 23 65 72 79 79 78 79 79 81 78 80 77 75 34 5 1 1 2 5 10 2 3 6 34 62 72 73 78 77 80 78 81 80 80 81 81 81 78 73 48 12 28 40 17 38 67 58 59 73
73 42 29 62 56 14 27 34 22 16 65 78 80 79 75 77 77 79 78 81 79 76 43 7 2 1 1 3 9 3 1 14 59 70 73 78 75 75 77 76 77 75 77 79 80 76 76 73 50 26 27 24 12 26 62 38 15 58
73 32 30 67 59 35 31 36 32 38 65 76 78 79 77 78 80 79 80 76 73 70 65 26 3 2 4 9 9 3 1 12 60 65 71 75 73 73 73 69 71 70 72 70 69 70 73 68 67 68 65 65 42 54 70 56 30 60
75 60 63 73 75 75 72 73 69 70 70 70 70 69 68 67 65 68 65 63 65 67 60 32 3 2 18 35 28 7 2 9 44 58 65 69 70 73 68 62 60 59 64 64 60 63 67 70 68 72 73 73 72 73 70 69 64 72
72 73 67 72 75 73 73 73 73 72 73 71 67 65 69 62 38 35 34 34 40 62 63 36 4 11 30 26 22 7 1 5 34 62 67 69 73 72 67 43 28 27 28 28 44 60 68 69 67 67 71 73 73 72 73 65 67 76
72 64 43 65 78 80 81 79 75 76 78 77 73 77 75 64 26 27 32 17 15 62 71 50 14 31 38 10 11 2 1 4 20 63 71 73 77 75 75 30 28 46 54 52 62 72 78 79 76 75 73 77 80 77 75 51 34 69
73 43 43 72 77 78 77 73 76 79 81 81 77 78 76 76 65 69 63 21 36 73 73 65 55 63 46 11 12 2 2 2 15 60 73 73 78 77 75 28 18 34 36 36 56 77 76 79 79 75 75 76 79 79 80 67 43 60
73 68 70 75 76 77 76 76 79 81 81 79 78 80 81 79 78 77 40 25 65 75 71 71 75 73 52 8 12 5 2 3 32 64 72 72 76 79 78 48 23 25 27 14 38 77 77 79 81 77 76 73 70 77 77 73 71 72
73 73 72 73 73 75 78 80 81 81 80 77 77 77 79 78 80 59 19 51 75 76 73 75 75 73 54 16 46 19 2 4 32 71 73 73 75 79 79 73 65 65 67 36 38 73 79 77 81 79 78 76 72 72 75 69 73 75
75 69 51 69 76 76 77 78 79 76 80 76 80 79 79 75 68 24 32 65 70 77 77 76 76 73 56 16 47 22 2 3 31 64 70 73 72 75 76 52 38 48 50 27 34 73 77 76 77 80 80 80 75 70 70 55 46 75
72 50 32 65 72 70 73 73 76 70 73 73 75 76 71 73 47 23 59 68 71 77 73 72 73 72 55 17 19 12 3 3 36 60 65 70 67 65 65 39 18 22 21 23 40 65 70 68 67 68 70 70 71 69 70 63 27 54
69 50 52 65 64 60 70 69 75 68 67 72 71 65 64 70 60 52 67 68 63 67 65 62 65 62 58 52 51 34 9 4 35 62 60 59 67 60 51 60 59 48 60 62 51 55 71 70 56 50 65 68 64 52 63 67 59 58
73 70 67 59 42 35 62 68 69 47 47 68 59 27 39 67 56 35 60 59 35 56 62 36 60 60 34 54 39 10 8 2 18 54 50 35 67 62 36 52 59 29 55 63 30 18 52 73 54 27 56 67 62 32 38 64 69 68
70 70 65 55 32 42 62 68 63 39 54 65 44 19 40 62 50 36 64 60 34 55 56 40 58 59 39 51 43 25 20 15 27 48 48 40 56 60 48 52 64 47 54 65 51 34 48 65 60 48 59 67 62 55 46 58 63 65
65 64 60 56 56 59 59 60 60 54 56 60 56 54 55 56 51 52 59 56 48 56 58 56 54 56 54 54 56 52 48 40 44 48 52 56 59 59 60 64 62 63 60 65 65 59 60 63 63 65 63 64 64 62 64 59 56 59
76 70 71 68 69 70 70 69 70 71 72 75 75 70 69 73 72 69 75 78 75 76 73 73 73 71 72 73 73 71 72 69 72 73 77 77 77 77 78 77 79 77 79 80 81 77 76 77 77 73 75 76 76 76 76 73 71 73